50
40
4
38 20 4 17 
51
38
6 40 20 1 31 24 8 31 48 5 42 49 9 24 16 4 26 2 27 12 36 45 22 1 2 38 14 36 42 14 22 21 2 41 22 6 39 29 
82
37
58 32 47 15 14 49 33 44 64 72 8 43 57 13 61 54 37 61 40 25 5 77 14 82 57 59 6 40 56 9 79 32 42 43 48 56 11 
66
63
52 61 66 60 44 44 43 35 54 1 50 34 9 20 4 12 16 46 65 40 46 37 66 7 57 62 66 28 3 52 22 52 44 22 46 19 63 20 51 49 18 34 16 26 53 17 35 1 63 33 40 40 1 37 46 57 30 43 18 32 26 38 16 
72
65
59 8 11 18 29 35 57 20 55 44 59 35 18 5 11 44 24 44 72 54 45 43 15 10 36 21 47 71 48 66 63 34 2 18 67 46 52 51 65 50 22 51 13 39 71 39 26 22 11 41 19 71 11 34 8 63 54 71 61 29 64 68 6 9 13 
16
6
8 10 7 10 15 1 
50
1
50 
88
30
21 14 6 88 77 65 33 12 87 22 2 43 66 2 54 71 74 66 22 48 42 15 46 11 5 70 32 57 29 35 
2
2
1 1 
57
3
3 17 21 
65
45
45 38 56 50 50 30 1 45 64 28 57 52 64 11 2 4 54 4 57 24 45 13 60 23 59 48 53 39 9 39 20 55 13 10 39 65 39 39 46 37 4 37 25 2 47 
53
39
33 20 21 52 8 51 40 47 39 24 51 47 53 20 11 2 13 15 49 29 10 50 11 33 31 27 8 26 30 12 44 41 11 11 18 50 8 4 43 
85
11
10 32 41 39 20 84 62 5 31 39 81 
59
21
40 32 27 23 19 43 51 22 19 28 36 36 26 22 44 5 4 17 46 44 27 
56
52
35 53 42 1 52 24 31 52 39 18 51 41 43 12 10 26 14 19 48 22 50 24 33 1 33 45 16 51 35 35 46 53 15 16 53 10 23 12 45 5 29 39 29 55 34 22 24 47 40 55 53 17 
18
9
14 3 8 7 5 6 18 5 16 
6
4
3 6 4 4 
32
32
28 31 28 2 32 1 9 15 25 31 27 17 12 15 26 2 32 19 11 27 6 17 19 7 14 7 26 25 22 26 24 17 
96
83
18 87 19 26 37 11 56 63 28 3 78 21 5 45 39 15 72 44 31 90 83 12 96 76 68 21 69 59 37 92 45 54 51 31 79 87 10 6 22 37 72 67 57 44 15 96 58 86 11 88 47 61 67 46 9 38 34 45 64 70 41 76 27 59 11 73 17 20 46 38 24 22 72 48 33 87 47 91 76 26 82 91 54 
13
1
4 
50
6
17 20 27 39 1 32 
9
4
1 6 6 6 
23
9
8 17 5 1 20 16 23 1 2 
97
84
19 3 32 92 8 75 68 49 16 19 7 33 70 13 52 52 15 11 43 20 82 27 81 93 50 77 41 8 62 55 25 80 57 56 75 96 65 76 47 80 29 84 46 32 97 31 83 45 42 28 95 26 86 13 52 38 89 93 45 84 50 69 67 41 58 75 70 25 84 50 38 46 37 17 78 67 48 63 45 89 25 42 48 13 
24
18
15 1 15 15 16 8 1 5 10 9 3 10 6 22 7 10 6 19 
8
4
8 1 7 1 
3
3
2 2 2 
5
1
4 
37
14
23 18 19 8 4 33 26 12 36 18 2 7 10 32 
73
31
50 67 36 23 34 8 67 47 24 59 64 31 13 57 29 52 1 4 2 10 65 8 63 45 38 51 22 26 6 71 57 
23
11
14 14 22 23 18 19 23 2 12 21 10 
38
17
24 24 31 10 33 2 18 29 2 11 23 15 30 30 13 29 1 
77
70
45 11 26 37 6 77 55 56 34 54 10 28 7 49 67 24 33 50 61 3 72 69 52 16 74 8 37 5 49 15 74 14 24 22 50 29 19 26 5 52 2 13 77 6 61 65 27 15 37 8 17 31 74 68 44 70 75 4 74 45 16 68 58 39 12 29 66 30 54 70 
87
40
47 29 35 36 38 23 29 6 10 66 48 62 38 4 26 34 79 41 19 86 63 30 31 68 1 58 78 67 60 69 19 20 3 53 47 40 67 75 37 76 
5
1
2 
31
25
29 17 2 25 12 22 21 20 16 3 4 4 4 24 4 1 3 11 14 8 1 23 1 11 28 
39
24
24 26 33 34 35 25 33 8 12 3 37 14 23 23 6 39 4 38 10 37 11 10 15 21 
27
10
8 23 23 13 22 25 21 9 17 21 
56
51
40 16 6 49 36 32 45 7 9 10 16 2 10 16 23 27 15 53 3 39 44 28 2 54 24 47 7 18 39 42 52 22 41 2 54 20 33 42 27 25 52 26 27 45 41 33 15 55 29 2 22 
64
37
31 14 5 37 60 46 52 13 2 25 5 35 15 1 27 24 11 28 19 20 38 63 44 6 38 11 58 31 16 26 3 46 39 7 18 34 53 
29
14
3 7 2 7 14 26 21 6 9 11 3 26 13 5 
67
54
57 47 65 47 22 10 21 24 29 60 12 55 24 42 35 61 51 18 23 66 15 35 42 60 24 48 11 59 27 56 45 33 52 59 30 6 1 50 46 46 59 7 33 16 48 17 26 48 52 66 46 66 50 21 
29
1
6 
15
12
8 4 13 9 4 3 12 15 12 3 3 10 
22
10
1 10 20 19 13 10 2 19 17 9 
48
45
32 2 23 14 12 9 1 27 45 43 47 9 17 2 38 1 3 4 30 1 37 46 9 35 3 27 13 43 37 4 8 36 6 30 18 17 6 18 11 19 28 9 27 44 27 
17
11
3 1 12 4 13 6 1 10 8 11 13 
36
28
35 3 27 32 24 32 24 9 29 34 27 21 22 6 16 28 14 16 32 29 22 16 8 4 1 34 29 23 
65
52
39 33 51 5 10 45 59 1 45 24 33 9 29 52 3 3 27 3 29 30 11 49 4 30 5 6 2 58 63 38 44 37 5 29 43 16 10 38 18 55 63 52 65 26 38 2 31 1 4 59 31 16 
64
18
34 55 7 4 11 34 58 21 23 30 33 12 47 52 41 60 12 21 
